nuc	x-coord	y-coord	z-coord

1	22.206	20.274	24.612
2	23.123	25.735	24.626
4	25.848	33.572	18.414
6	24.672	34.401	7.967
9	15.779	39.557	-7.371
10	20.424	35.611	-11.922
12	25.944	43.154	-6.287
13	24.005	46.497	-2.789
14	20.487	50.054	0.052
15	16.873	52.708	2.586
18	4.977	50.276	8.828
19	2.178	51.920	3.025
22	16.612	53.047	-4.406
24	23.940	48.829	-10.027
25	25.673	44.506	-13.198
28	19.386	35.965	-22.876
34	26.922	47.021	-43.451
36	29.419	44.913	-34.527
38	28.518	52.492	-27.910
42	12.431	44.023	-22.378
45	11.423	33.355	-7.494
49	14.655	31.541	2.706
50	10.233	29.300	4.907
51	6.084	29.046	8.561
53	1.769	36.854	15.391
57	-1.365	47.476	5.755
58	4.842	43.794	7.225
63	7.435	34.365	17.411
64	8.930	29.910	15.429
67	20.165	25.354	6.071
69	29.251	28.349	10.110
71	32.123	28.722	20.351
76	27.376	4.441	28.658
