i	type	ring	chain	j	type	ring	chain	distance	shift	slide	rise	roll	tilt	twist
1	G	6	R	2	G	6	R	4.3198	1.1428	1.4569	1.6236	-62.4959	-59.8271	101.4454
1	G	6	R	2	G	5	R	3.3134	1.1428	1.4569	3.1974	-33.1751	-0.0099	113.7816
1	G	5	R	2	G	5	R	4.3740	1.6020	-0.1330	2.9139	-89.5684	21.3729	66.2184
12	A	6	R	13	A	6	R	3.6430	-0.5595	1.3843	2.6085	-35.1867	0.1788	95.9367
12	A	6	R	13	A	5	R	3.6685	-0.5595	1.3843	0.2817	23.7423	11.9917	80.0157
12	A	6	R	24	G	6	R	3.4660	-0.5595	1.3843	2.7545	10.7092	-10.9372	101.4451
12	A	6	R	24	G	5	R	4.4609	-0.5595	1.3843	2.8098	3.3008	-14.4698	66.3550
12	A	5	R	13	A	6	R	4.6404	1.0708	-0.7521	4.6320	-37.4595	-71.9470	84.0633
12	A	5	R	13	A	5	R	3.9351	1.0708	-0.7521	3.0043	-38.6330	-3.0479	99.9843
12	A	5	R	24	G	6	R	4.4354	1.0708	-0.7521	4.2822	-1.2008	1.9137	101.4451
13	A	6	R	14	A	5	R	4.5999	-1.4398	0.6926	1.3208	-53.4432	-40.4712	99.9282
14	A	6	R	15	G	6	R	3.7015	-1.4124	1.0288	2.7980	-27.3159	-54.5553	101.4827
14	A	6	R	15	G	5	R	3.6355	-1.4124	1.0288	3.4078	11.3144	-7.1766	113.7437
14	A	6	R	22	A	6	R	4.5989	-1.4124	1.0288	4.5299	10.7712	-63.0113	96.4299
14	A	6	R	22	A	5	R	3.6310	-1.4124	1.0288	2.5956	-23.6880	-11.6887	76.8981
14	A	5	R	15	G	6	R	5.2166	0.3747	-1.5255	5.0187	-61.8139	-74.2189	78.5173
14	A	5	R	15	G	5	R	4.3945	0.3747	-1.5255	1.4726	-69.7497	18.4965	113.7437
14	A	5	R	22	A	6	R	4.6365	0.3747	-1.5255	0.9266	-26.4187	-37.3006	96.4299
14	A	5	R	22	A	5	R	4.4224	0.3747	-1.5255	4.3714	-56.3666	22.8514	103.1019
18	G	6	R	57	G	6	R	3.7434	-1.1729	-1.3991	3.0156	25.8479	-23.3064	101.3734
18	G	6	R	57	G	5	R	4.4880	-1.1729	-1.3991	0.5975	4.2807	-1.7656	66.2550
18	G	6	R	58	A	6	R	3.5972	-1.1729	-1.3991	1.4814	7.8769	-35.9515	84.0935
18	G	6	R	58	A	5	R	3.7392	-1.1729	-1.3991	1.8545	-17.2732	-3.3549	100.0094
18	G	5	R	57	G	6	R	4.2778	-1.5608	0.0761	4.0373	5.1276	15.3465	101.3734
18	G	5	R	58	A	6	R	4.1863	-1.5608	0.0761	3.2585	-6.4557	-3.6667	84.0935
18	G	5	R	58	A	5	R	5.1939	-1.5608	0.0761	5.1935	-27.8563	40.3063	100.0094
19	G	6	R	57	G	6	R	3.7301	-0.2936	-1.7187	3.7237	-8.8810	18.9517	78.6266
19	G	6	R	57	G	5	R	4.4234	-0.2936	-1.7187	1.5096	10.6201	-25.6227	113.7450
19	G	5	R	57	G	6	R	4.3069	-1.6725	1.0411	3.9502	-2.8457	25.7019	78.6266
24	G	6	R	25	U	6	R	3.8194	-1.0851	0.7681	2.8756	8.0967	14.8082	93.1089
24	G	5	R	25	U	6	R	4.3910	0.4946	-1.4755	0.6248	-22.3528	-26.0441	86.8911
49	U	6	R	50	C	6	R	4.0429	-1.3518	-0.6318	3.9703	-15.0642	-54.6798	73.9333
50	C	6	R	51	C	6	R	4.2604	-1.6411	0.6268	2.9340	-25.7988	-79.2981	89.9486
51	C	6	R	64	G	6	R	4.4919	-1.3236	0.7659	1.5034	39.8221	0.7145	78.6087
63	G	6	R	64	G	6	R	4.1820	-1.3153	-1.2931	3.4266	-72.7042	-29.5820	101.3913
63	G	6	R	64	G	5	R	3.2935	-1.3153	-1.2931	2.1771	-16.9802	-2.1163	66.1899
63	G	5	R	64	G	5	R	4.0795	-1.4827	-0.1349	1.9052	-62.5158	-7.0312	113.8101
