nuc	num	6/5	ring	x0	y0	z0	R1x	R1y	R1z	R2x	R2y	R2z	Nx	Ny	Nz
G	1	6	R	25.4383	21.7835	23.3470	2.7725	1.6616	-0.6632	0.2426	2.6788	3.4362	7.4862	-9.6878	7.0239
G	1	5	R	24.0834	20.3252	22.7758	0.4745	1.4472	1.4774	2.0389	-0.1279	-2.3225	-3.1722	4.1143	-3.0114
G	2	6	R	25.7725	25.8533	21.9377	2.5283	0.5799	-2.0581	1.8244	3.5164	1.8378	8.3028	-8.4013	7.8325
G	2	5	R	24.1270	24.6854	22.4316	1.1725	1.6835	0.5593	0.9936	-1.4163	-2.5712	-3.5365	3.5705	-3.3333
G	4	6	R	26.0098	30.8702	15.7783	0.6097	-2.0659	-2.5288	3.5514	1.8304	-1.7852	8.3168	-7.8923	8.4528
G	4	5	R	24.8198	31.3696	17.4110	1.6979	0.5537	-1.1524	-1.4074	-2.5708	-1.0081	-3.5208	3.3335	-3.5857
G	6	6	R	22.4853	31.4335	8.7607	-1.6458	-2.8602	0.2249	1.6712	-2.2284	-3.3582	10.1063	-5.1511	8.4475
G	6	5	R	22.8296	33.3384	9.5110	0.5409	-1.4074	-1.5008	-2.1701	-1.0305	1.9547	-4.2976	2.1996	-3.6116
A	9	6	R	14.9948	43.1647	-6.3518	-0.3994	1.2322	0.2551	-3.2370	-1.0258	-2.3156	-2.5916	-1.7506	4.3983
A	9	5	R	16.4788	41.7362	-6.0456	-0.6954	0.1224	-0.3705	-0.5201	2.7630	0.8121	1.1231	0.7574	-1.8577
A	10	6	R	21.2398	39.2893	-12.2417	0.4533	1.2236	-0.1240	3.6856	-1.8339	-0.1063	-0.3575	-0.4088	-5.3410
A	10	5	R	19.5534	38.0916	-12.0360	0.7944	-0.0214	-0.0585	0.5719	2.8491	-0.2525	0.1721	0.1671	2.2756
A	12	6	R	22.3602	44.3988	-6.6717	-1.1746	0.5839	-0.1478	2.2002	3.4758	0.0184	0.5245	-0.3036	-5.3674
A	12	5	R	23.3744	42.5912	-6.4700	0.1064	0.7875	-0.0418	-2.7695	0.8782	-0.3058	-0.2041	0.1483	2.2744
A	13	6	R	20.6395	44.8735	-3.4960	-1.2242	-0.4039	-0.2675	-0.7871	4.0343	-0.3876	1.2357	-0.2640	-5.2567
A	13	5	R	22.5802	44.2920	-3.0114	-0.4593	0.6392	-0.1407	-2.5534	-1.3173	-0.5274	-0.5225	0.1170	2.2372
A	14	6	R	17.0398	48.9593	-1.1172	-1.2291	-0.2099	-0.4187	-0.4631	4.0349	0.6616	1.5505	1.0071	-5.0565
A	14	5	R	18.8944	48.1014	-0.7222	-0.3916	0.6949	-0.0044	-2.6126	-0.9006	-0.9392	-0.6566	-0.3563	2.1682
G	15	6	R	14.5233	50.0202	1.3813	-2.4237	-1.9131	-1.1758	-2.9131	2.9822	-1.2883	5.9711	0.3028	-12.8010
G	15	5	R	16.3972	50.1510	2.2568	-1.6571	1.1035	-0.7371	-0.3381	-3.0631	-0.2409	-2.5236	-0.1500	5.4490
G	18	6	R	2.6092	47.7005	10.2580	-2.1400	-2.4388	0.6885	-0.1859	-2.0982	-3.8242	10.7711	-8.3118	4.0368
G	18	5	R	3.6518	49.3766	10.9104	-0.3861	-1.2714	-1.6542	-1.5291	-0.8040	2.5687	-4.5958	3.5212	-1.6337
G	19	6	R	-0.6582	52.3555	5.4703	-2.7530	-0.0544	1.8357	-2.4254	-2.9193	-2.1649	5.4767	-10.4123	7.9049
G	19	5	R	1.2488	53.1168	5.1704	-1.4834	-1.3288	-0.7425	-0.8532	1.5141	2.5627	-2.2811	4.4350	-3.3797
A	22	6	R	19.8605	51.5742	-3.6382	1.2078	-0.2979	0.3005	0.5117	4.1043	0.0394	-1.2451	0.1062	5.1096
A	22	5	R	17.9900	50.8426	-4.0726	0.4745	0.6516	0.1051	2.5556	-1.1496	0.6221	0.5262	-0.0266	-2.2107
G	24	6	R	22.8285	45.2083	-10.0092	-0.3980	-3.2897	0.0908	4.1057	-1.3528	0.5994	-1.8490	0.6114	14.0449
G	24	5	R	21.9660	47.0906	-10.2070	1.8206	-1.0608	0.2923	-2.4836	-1.8385	-0.2525	0.8052	-0.2663	-5.9818
U	25	6	R	22.9078	44.7487	-13.8000	1.3476	-0.1488	0.3707	-0.5296	-3.9131	1.2034	1.2715	-1.8180	-5.3521
C	28	6	R	19.7837	38.6935	-22.2442	-0.2585	-1.9581	-0.3731	-3.8942	1.5266	1.2216	-1.8224	1.7687	-8.0199
G	34	6	R	30.0767	47.1928	-41.3597	2.7813	-0.4117	1.7492	0.5956	-4.3127	-0.3345	7.6815	1.9722	-11.7497
G	34	5	R	28.6322	48.4870	-42.0956	0.6313	-2.0259	0.0949	1.8525	1.9566	1.5256	-3.2764	-0.7873	4.9882
A	36	6	R	30.6013	48.4822	-34.2470	0.5733	1.1768	0.1939	3.0981	-2.2392	1.5406	2.2472	-0.2825	-4.9296
A	36	5	R	28.9160	47.4706	-34.9508	0.7154	-0.1053	0.3373	0.8846	2.7822	0.2232	-0.9619	0.1387	2.0835
A	38	6	R	25.1473	53.1905	-29.3142	-1.1662	0.4552	-0.4107	1.6926	3.6986	0.6459	1.8130	0.0581	-5.0838
A	38	5	R	26.3010	51.5006	-28.9124	-0.0076	0.7984	0.0395	-2.6805	0.5532	-1.0186	-0.8351	-0.1136	2.1359
G	42	6	R	15.8770	42.5655	-21.9943	2.7515	-1.8251	0.2529	-1.5397	-4.0116	-0.7978	2.4706	1.8058	-13.8480
G	42	5	R	14.9824	44.4372	-21.9062	-0.3274	-2.0733	-0.3280	2.9479	0.7193	0.6106	-1.0300	-0.7670	5.8764
U	45	6	R	12.7447	30.9195	-6.8557	-0.6721	1.2101	-0.2524	-2.9959	-0.8282	2.7279	3.0920	2.5896	4.1820
U	49	6	R	15.0453	32.1892	5.4425	-0.2987	-0.5263	-2.0011	-1.4684	-3.3797	2.1520	-7.8957	3.5812	0.2367
C	50	6	R	11.1893	31.4857	6.4332	-0.6529	-1.5625	-1.0874	-0.1505	-1.2801	4.1609	-7.8934	2.8803	0.6006
C	51	6	R	7.4745	31.5062	8.5190	-0.6296	-1.1746	0.0395	-1.5174	0.9442	3.7651	-4.4598	2.3106	-2.3768
G	53	6	R	3.7667	39.3873	13.4530	1.8196	2.5062	-1.1672	0.4688	2.4690	3.5677	11.8232	-7.0390	3.3177
G	53	5	R	2.8016	37.5868	13.0904	0.4635	1.4642	1.4668	1.1470	0.6338	-2.8008	-5.0306	2.9806	-1.3857
G	57	6	R	0.6392	49.8503	7.9105	2.1014	2.1275	1.4226	3.1020	0.3171	-3.0531	-6.9466	10.8287	-5.9332
G	57	5	R	-1.1330	48.7768	8.0264	1.6894	0.4421	-1.2104	0.0057	1.4621	2.7327	2.9779	-4.6235	2.4676
A	58	6	R	5.5952	45.7012	10.4207	0.3985	0.7249	1.0219	3.0110	1.1733	-2.5516	-3.0487	4.0938	-1.7151
A	58	5	R	4.1762	44.3488	9.7174	0.6574	0.3994	-0.2103	0.5332	1.4438	2.4833	1.2955	-1.7447	0.7362
G	63	6	R	7.7227	33.4647	13.7243	-0.0680	-1.2009	-3.0789	-2.7324	-3.3656	0.4607	-10.9156	8.4441	-3.0525
G	63	5	R	8.4570	34.8868	15.0408	-1.2570	-1.7041	-0.1913	1.3796	0.8471	-2.6449	4.6692	-3.5886	1.2862
G	64	6	R	10.2455	30.6422	11.9472	0.9474	0.1170	-3.1698	-2.0927	-3.4555	-1.6534	-11.1467	8.1999	-3.0289
G	64	5	R	10.3410	31.4706	13.8482	-0.8094	-1.5799	-1.1686	1.8051	1.9441	-1.6029	4.8043	-3.4068	1.2783
C	67	6	R	19.7857	26.5028	8.6193	0.1648	-0.5474	-1.2021	1.5484	3.6058	-1.3891	5.0949	-1.6324	1.4418
C	69	6	R	27.1293	27.3253	11.6712	1.0009	0.4838	-0.7303	-0.4546	3.7073	1.8547	3.6047	-1.5244	3.9306
C	71	6	R	30.5610	26.6757	19.2015	0.7406	0.9831	0.5156	-3.4701	1.9993	1.1217	0.0719	-2.6199	4.8921
A	76	6	R	28.9002	1.4650	26.9048	0.3583	-1.0946	-0.6298	-4.0238	-0.3889	-0.7291	0.5531	2.7954	-4.5438
A	76	5	R	29.5464	3.1088	28.0024	-0.6515	-0.3596	-0.2846	1.2207	-2.3019	-1.3166	-0.1817	-1.2052	1.9387
