nuc	x-coord	y-coord	z-coord

902	42.083	46.915	35.958
903	39.587	45.236	31.267
904	37.018	41.758	28.367
905	33.576	37.677	28.501
907	26.125	32.128	34.097
910	24.492	15.132	34.198
913	21.983	23.809	23.483
914	16.832	26.650	22.050
915	13.565	30.661	23.594
918	8.488	40.032	27.557
919	4.115	35.670	27.094
921	10.950	26.437	29.406
922	12.466	23.249	22.656
923	15.951	19.550	20.736
924	20.276	16.257	21.087
926	23.504	10.591	28.911
929	11.414	1.871	32.284
930	8.376	-1.017	28.507
931	7.736	-3.615	23.283
936	22.528	-7.876	25.948
937	23.095	-3.714	19.241
942	7.199	5.816	27.822
944	13.659	12.795	33.497
949	23.570	32.055	39.825
951	18.854	38.978	45.844
952	15.504	42.594	44.648
953	13.537	45.620	41.546
957	3.203	38.635	33.549
958	10.629	37.815	32.429
959	14.816	32.719	31.408
961	14.668	44.363	30.852
962	17.105	46.844	34.994
963	20.526	46.947	39.946
964	23.017	44.888	43.482
966	28.411	36.118	43.531
968	33.865	30.984	36.508
969	36.822	31.942	32.040
970	40.515	35.226	29.104
971	44.446	39.298	28.968
974	59.544	40.677	20.123
976	48.919	32.598	17.625
