i	type	ring	chain	j	type	ring	chain	distance	shift	slide	rise	roll	tilt	twist
902	G	6	B	903	G	6	B	4.1596	-1.2034	-0.2601	3.3181	-61.1678	-36.3018	78.5472
902	G	6	B	903	G	5	B	3.4427	-1.2034	-0.2601	2.0138	-14.2025	-0.3873	113.7534
902	G	6	B	971	C	6	B	5.4013	-1.2034	-0.2601	2.4631	-110.7157	57.0148	90.1057
902	G	5	B	903	G	5	B	4.2675	-0.4730	-0.8323	2.9900	-66.0434	9.8245	66.2466
903	G	6	B	904	G	6	B	4.0971	-0.9208	-0.8965	0.2982	-60.1166	-37.2000	78.5690
903	G	6	B	904	G	5	B	3.4276	-0.9208	-0.8965	3.2586	-10.5819	-1.2631	113.3858
903	G	6	B	970	C	6	B	5.2347	-0.9208	-0.8965	3.5504	-111.7869	47.1710	89.8388
903	G	6	B	971	C	6	B	4.6696	-0.9208	-0.8965	2.1509	-51.6356	14.9675	89.8943
903	G	5	B	904	G	6	B	5.4893	-1.0381	-0.0974	5.4798	-60.7310	-63.3177	78.5690
903	G	5	B	904	G	5	B	4.2258	-1.0381	-0.0974	4.0086	-65.2851	9.6867	66.6142
904	G	6	B	905	G	6	B	4.2826	-0.3457	-1.1466	2.6653	-75.4701	-26.9815	101.5090
904	G	6	B	905	G	5	B	3.4276	-0.3457	-1.1466	3.3381	-21.2232	1.7393	66.4323
904	G	6	B	969	C	6	B	5.4204	-0.3457	-1.1466	5.1658	-111.3651	48.5694	89.5560
904	G	6	B	970	C	6	B	4.4757	-0.3457	-1.1466	4.1850	-44.2670	13.2256	90.1612
904	G	5	B	905	G	5	B	4.2381	-1.1380	0.5561	2.5763	-56.0970	-15.7749	66.4323
905	G	6	B	968	C	6	B	5.3052	0.3672	-1.1457	2.1800	-112.8242	61.7187	106.2545
905	G	6	B	969	C	6	B	4.2429	0.3672	-1.1457	2.8534	-50.2515	12.4249	90.4440
907	A	6	B	949	C	6	B	3.7263	1.6050	-0.3215	2.3054	-22.9739	-35.9876	89.7621
907	A	6	B	966	U	6	B	5.3857	1.6050	-0.3215	2.1300	-109.6901	56.4408	86.7993
907	A	5	B	949	C	6	B	4.8286	0.4208	1.5884	4.7421	-61.0267	-58.1595	89.7621
910	G	6	B	926	A	6	B	4.2378	-1.3550	0.3068	2.8187	-41.7863	58.2859	84.0173
910	G	6	B	926	A	5	B	4.7495	-1.3550	0.3068	4.6010	-0.3146	0.7170	79.9039
910	G	5	B	926	A	6	B	4.8312	-0.0021	-1.3564	2.8998	-2.5326	6.5045	95.9827
913	A	6	B	914	A	5	B	5.2313	0.1866	-1.6398	3.5227	-46.9740	-39.1645	79.8878
913	A	6	B	923	G	6	B	5.3923	0.1866	-1.6398	4.1326	60.6438	-70.1188	78.5268
914	A	6	B	915	G	6	B	3.5150	-0.0642	-1.4467	0.0857	-19.2594	40.1445	101.2935
914	A	6	B	915	G	5	B	3.9679	-0.0642	-1.4467	3.6602	49.7070	4.3652	66.1727
914	A	6	B	922	A	6	B	5.0057	-0.0642	-1.4467	2.3265	7.0887	-45.3748	95.8868
914	A	6	B	922	A	5	B	3.7832	-0.0642	-1.4467	2.7891	-4.8487	-29.4010	99.8446
914	A	5	B	915	G	6	B	3.7741	-1.4473	0.1860	1.8443	-7.5657	-62.9835	78.7065
914	A	5	B	915	G	5	B	3.6775	-1.4473	0.1860	1.5569	0.8709	8.2828	66.1727
914	A	5	B	922	A	6	B	4.6353	-1.4473	0.1860	4.6340	-34.8271	-11.3022	95.8868
914	A	5	B	922	A	5	B	4.1176	-1.4473	0.1860	0.2032	-51.5178	15.9250	99.8446
915	G	6	B	959	A	6	B	4.1244	0.8140	-0.6822	4.1234	14.4898	-1.4009	96.0532
915	G	6	B	959	A	5	B	4.9215	0.8140	-0.6822	0.4081	24.4392	-14.0199	79.8265
915	G	5	B	959	A	6	B	4.5800	-0.4895	1.1977	0.1710	-6.0410	34.0260	83.9468
918	G	6	B	957	G	6	B	3.6658	1.0005	-0.5499	3.3703	22.8467	-53.0835	101.3173
918	G	6	B	957	G	5	B	4.3303	1.0005	-0.5499	2.7050	-17.1262	2.3941	66.2303
918	G	6	B	958	A	6	B	3.5864	1.0005	-0.5499	3.5763	5.3201	0.7931	95.7816
918	G	6	B	958	A	5	B	4.3565	1.0005	-0.5499	0.1560	14.7011	-6.7812	79.8785
918	G	5	B	957	G	6	B	4.6501	-0.3069	1.2503	4.4697	-2.0840	2.7673	101.3173
918	G	5	B	958	A	6	B	4.2015	-0.3069	1.2503	0.6932	-7.5263	24.7230	95.7816
919	G	6	B	957	G	6	B	3.8150	0.6430	0.2123	3.6406	1.3796	17.6631	78.6827
919	G	6	B	957	G	5	B	5.0919	0.6430	0.2123	4.5108	18.4770	-31.5771	113.7697
919	G	5	B	957	G	6	B	4.8093	0.3648	0.3126	4.7630	-2.1897	41.1397	101.3173
922	A	6	B	923	G	6	B	4.3608	0.5667	-1.3312	0.4478	-59.3322	26.7158	101.4732
922	A	6	B	923	G	5	B	3.6793	0.5667	-1.3312	3.6686	10.2425	6.4499	113.6304
922	A	5	B	923	G	6	B	4.8269	-1.0029	0.7460	0.0637	-29.7986	-83.6856	101.4732
922	A	5	B	923	G	5	B	3.6574	-1.0029	0.7460	1.2337	-23.2646	-20.5465	66.3696
923	G	6	B	924	G	6	B	4.1873	1.4825	0.0066	2.1830	-62.3430	-54.4392	101.3142
923	G	6	B	924	G	5	B	3.2935	1.4825	0.0066	1.2990	-27.8653	3.0239	66.2848
923	G	5	B	924	G	5	B	4.2779	0.3221	1.2254	4.2402	-81.6792	16.6942	66.2848
929	G	6	B	930	G	6	B	4.0892	-0.9773	-0.9629	0.9208	-61.2651	-36.8856	78.5587
929	G	6	B	930	G	5	B	3.3445	-0.9773	-0.9629	2.2995	-16.6341	3.9895	66.3131
929	G	6	B	942	G	6	B	3.1119	-0.9773	-0.9629	2.7958	-9.5219	2.2832	101.5434
929	G	6	B	942	G	5	B	3.8139	-0.9773	-0.9629	2.8421	-12.1301	-10.7038	66.3707
929	G	5	B	930	G	6	B	5.4376	-1.0928	-0.1064	5.4315	-54.9673	-71.9225	101.4413
929	G	5	B	930	G	5	B	4.1599	-1.0928	-0.1064	3.9295	-68.9904	13.8988	113.6869
929	G	5	B	942	G	6	B	3.9817	-1.0928	-0.1064	3.7510	1.7887	5.2521	78.4566
929	G	5	B	942	G	5	B	5.3793	-1.0928	-0.1064	2.0907	-0.4328	-5.1494	113.6293
930	G	6	B	931	A	6	B	4.5059	-0.2050	-1.3239	2.4202	-54.8031	-47.3302	84.0189
930	G	6	B	931	A	5	B	3.7149	-0.2050	-1.3239	2.4811	-27.0202	-6.7850	80.0344
930	G	5	B	931	A	5	B	4.6702	-1.2853	0.8243	4.2715	-78.4691	-3.3834	99.9656
951	A	6	B	952	G	6	B	3.7331	-0.1872	1.5118	2.9332	-66.6201	-16.8798	101.3924
951	A	6	B	952	G	5	B	3.3755	-0.1872	1.5118	0.3894	-1.9620	-0.3791	113.7817
951	A	6	B	963	U	6	B	5.0932	-0.1872	1.5118	3.8282	-99.8221	59.5390	93.0118
951	A	6	B	964	C	6	B	4.8154	-0.1872	1.5118	3.2985	-37.9776	39.2068	106.1794
951	A	5	B	952	G	6	B	5.2777	1.3611	-0.4188	4.3562	-63.0491	-80.8847	78.6076
951	A	5	B	952	G	5	B	4.2030	1.3611	-0.4188	3.6296	-46.4709	-26.1189	113.7817
952	G	6	B	953	G	6	B	3.8101	-0.5025	1.3548	3.7104	-60.0836	-7.2511	78.5758
952	G	6	B	953	G	5	B	3.1399	-0.5025	1.3548	1.4253	7.5526	5.2773	113.8162
952	G	6	B	963	U	6	B	4.5165	-0.5025	1.3548	1.7058	-58.0132	11.2979	86.9882
952	G	5	B	953	G	6	B	4.7464	1.1672	-1.4193	0.7192	-48.4569	-74.2833	78.5758
952	G	5	B	953	G	5	B	3.4377	1.1672	-1.4193	1.1624	-49.5511	0.8171	113.8162
953	G	6	B	962	C	6	B	5.0179	-1.3975	0.3112	3.3356	-43.5014	9.7941	89.8446
958	A	6	B	961	C	6	B	3.4459	0.7372	-1.2168	2.5236	-20.6725	3.8546	73.5394
958	A	5	B	961	C	6	B	4.1184	-0.8728	0.9197	3.9611	-48.0832	-40.2795	73.5394
961	C	6	B	962	C	6	B	4.0433	0.1255	1.1641	2.9738	-17.2446	-65.8331	89.8446
962	C	6	B	963	U	6	B	4.6744	0.9203	0.8487	1.4144	-27.2945	-70.6779	86.9882
963	U	6	B	964	C	6	B	3.8932	1.4727	0.4612	3.7926	-21.4495	-40.6720	73.8206
968	C	6	B	969	C	6	B	4.2687	-0.9447	-0.8793	1.1242	-20.1735	-67.8957	90.4440
969	C	6	B	970	C	6	B	4.4706	-1.3051	-0.3250	2.0218	-15.2962	-67.7244	90.1612
970	C	6	B	971	C	6	B	4.2618	-1.1341	0.4503	3.4363	-14.1008	-64.3662	90.1057
