nuc	num	6/5	ring	x0	y0	z0	R1x	R1y	R1z	R2x	R2y	R2z	Nx	Ny	Nz
G	902	6	B	42.4485	43.5083	34.3143	0.5560	-2.6935	-1.8535	0.9541	1.7793	-3.8685	13.7177	0.3825	3.5592
G	902	5	B	41.9482	44.3062	36.1688	0.5377	0.4593	-2.0006	-0.1207	-3.0292	0.5807	-5.7935	-0.0708	-1.5734
G	903	6	B	39.6373	41.5275	31.9742	0.1923	-3.2958	0.0630	1.0986	-0.8817	-4.1241	13.6478	0.8623	3.4512
G	903	5	B	39.2728	43.2912	33.0028	0.5173	-0.8420	-1.8818	-0.4302	-2.1038	2.2323	-5.8385	-0.3452	-1.4505
G	904	6	B	36.6252	38.9643	30.9050	-0.1797	-2.7656	1.8023	0.9970	-3.0183	-2.9545	13.6108	1.2660	3.2997
G	904	5	B	36.4486	41.0294	30.8198	0.4461	-1.7475	-1.1063	-0.6785	-0.5623	2.9565	-5.7886	-0.5683	-1.4365
G	905	6	B	33.3817	36.4127	32.0493	-0.0284	-1.6243	2.8605	0.4628	-4.1021	-1.3296	13.8937	1.2861	0.8682
G	905	5	B	33.2822	38.2220	31.0526	0.2178	-2.0991	-0.2230	-0.3005	0.9038	2.9332	-5.9555	-0.5718	-0.4339
A	907	6	B	26.7743	34.8378	36.5935	0.3147	0.7963	0.9907	-0.1504	-3.4286	2.2582	5.1949	-0.8597	-0.9592
A	907	5	B	26.3854	34.6888	34.5600	0.0950	-0.4275	0.6689	0.6024	2.1223	1.8979	-2.2310	0.2226	0.4591
G	910	6	B	22.9958	14.6577	30.7410	-0.7714	-0.5408	-3.1735	3.9111	-0.8798	-1.6957	-1.8750	-13.7199	2.7938
G	910	5	B	22.3550	15.1482	32.6538	1.6874	-0.5045	-1.1873	-2.6760	0.0402	-1.5788	0.8442	5.8413	-1.2822
A	913	6	B	20.2635	23.7352	26.8577	-0.7269	-0.1149	1.0867	-2.9498	-1.1856	-2.6158	1.5889	-5.1070	0.5229
A	913	5	B	22.1218	24.2342	26.0760	-0.7244	-0.2721	-0.1980	-1.2496	-0.0903	2.6406	-0.7364	2.1603	-0.2746
A	914	6	B	14.5608	26.5445	25.0818	-0.9117	-0.1122	0.9396	-2.6273	-0.1644	-3.1760	0.5108	-5.3642	-0.1449
A	914	5	B	16.5880	26.7448	24.6670	-0.7133	-0.0992	-0.3403	-1.6851	-0.1491	2.3767	-0.2865	2.2687	-0.0608
G	915	6	B	15.2180	29.5363	26.8058	0.9208	-1.1782	2.9486	-3.8601	-0.9089	1.7984	0.5611	-13.0379	-5.3849
G	915	5	B	15.7788	30.3192	24.9712	-1.6452	-0.5968	1.2026	2.7563	-0.4033	1.3595	-0.3263	5.5514	2.3085
G	918	6	B	7.7477	41.9048	30.7193	-0.7929	1.0768	3.0268	-0.7418	-3.7631	2.1001	13.6515	-0.5801	3.7825
G	918	5	B	8.3068	42.3558	28.7686	-0.4600	-1.5613	1.3687	-0.1977	2.8312	1.2379	-5.8078	0.2988	-1.6110
G	919	6	B	2.0077	38.6563	27.9598	-1.7325	2.4484	1.4172	-1.1051	-1.7994	3.8335	11.9361	5.0754	5.8232
G	919	5	B	3.1148	37.9756	26.3326	-0.7057	-0.4690	1.9506	-0.8526	2.8088	-0.9881	-5.0154	-2.3604	-2.3820
A	921	6	B	13.7762	25.9307	31.9125	1.0811	-0.1441	0.7399	1.9748	0.2566	-3.6061	0.3298	5.3597	0.5620
A	921	5	B	11.6992	26.0638	31.9074	0.6398	0.0200	-0.4748	2.1139	-0.3673	1.9835	-0.1347	-2.2727	-0.2773
A	922	6	B	16.1598	23.1668	21.7515	1.2260	-0.0003	-0.4796	-1.8850	0.0641	-3.6596	0.0318	5.3907	0.0780
A	922	5	B	14.9802	23.1490	23.4670	-0.0361	0.0323	-0.7999	2.8507	-0.0420	-0.6305	-0.0540	-2.3030	-0.0906
G	923	6	B	18.5907	19.9460	23.4050	2.6894	0.3145	1.8997	3.1821	-0.1876	-2.9659	-0.5764	14.0215	-1.5053
G	923	5	B	16.5250	19.8392	23.2782	1.8107	-0.0258	-1.1020	0.4079	0.3343	3.0459	0.2898	-5.9647	0.6158
G	924	6	B	21.2365	16.9587	24.6737	1.3747	0.5829	2.9512	4.2374	-0.3904	-0.9386	0.6050	13.7957	-3.0067
G	924	5	B	19.5106	16.7864	23.5376	2.1213	-0.0942	-0.0356	-1.1706	0.6448	2.7913	-0.2400	-5.8795	1.2575
A	926	6	B	20.1045	11.5943	30.2778	-1.1041	0.3459	0.6231	2.4556	0.2974	3.2826	0.9501	5.1544	-1.1778
A	926	5	B	20.9496	11.0238	28.4682	0.1688	0.1335	0.7676	-2.6430	0.7459	0.9825	-0.4414	-2.1946	0.4787
G	929	6	B	10.9923	2.7528	28.6153	-0.9227	0.7717	-3.0871	-4.3323	-0.1820	0.3273	-0.3093	13.6762	3.5112
G	929	5	B	12.5316	2.4366	29.9688	-2.1068	0.0393	-0.2515	1.5764	0.6708	-2.5764	0.0675	-5.8244	-1.4752
G	930	6	B	10.3943	0.1385	25.5283	1.2492	0.9796	-2.9081	-3.5958	0.2710	-2.4369	-1.5991	13.5011	3.8610
G	930	5	B	10.7282	-0.3924	27.5092	-1.4743	0.2526	-1.5106	2.8775	0.6275	-0.9533	0.7071	-5.7522	-1.6520
A	931	6	B	11.0918	-2.4827	21.9303	1.0791	0.4152	-0.6248	-2.4893	0.1942	-3.2687	-1.2358	5.0826	1.2431
A	931	5	B	10.2880	-3.1168	23.7416	-0.1824	0.1406	-0.7672	2.6075	0.8641	-0.9891	0.5239	-2.1809	-0.5242
G	936	6	B	23.3610	-10.1575	28.7828	0.0854	-2.0137	2.6330	-3.8260	0.9059	1.9166	-6.2447	-10.2375	-7.6271
G	936	5	B	24.2916	-9.4458	27.0664	-1.7472	0.0956	1.2070	2.1341	-1.9794	1.0538	2.4899	4.4171	3.2544
A	937	6	B	20.4888	-5.0162	16.8110	-0.8237	-0.3479	-0.9673	2.3720	2.4214	-2.3145	3.1474	-4.2009	-1.1693
A	937	5	B	20.9678	-5.2234	18.8264	0.2218	0.3680	-0.6720	-2.0315	-1.0266	-1.8338	-1.3647	1.7719	0.5199
G	942	6	B	10.8080	5.8497	28.8580	2.9481	0.0243	1.4903	-1.1207	-0.6693	4.1632	1.0986	-13.9437	-1.9459
G	942	5	B	9.7150	6.0124	27.1022	-0.1105	-0.2846	2.1016	2.8863	0.3360	-1.0548	-0.4059	5.9493	0.7843
C	944	6	B	13.3975	12.8585	30.6837	0.1310	-0.0093	1.3256	4.1218	-0.4738	-0.4222	0.6320	5.5192	-0.0237
C	949	6	B	23.5778	34.5422	38.4857	0.0583	-1.1795	0.6159	0.7890	1.9377	3.5988	-5.4382	0.2761	1.0436
A	951	6	B	18.7963	40.8523	42.5423	0.0023	0.8005	-1.0500	0.4365	2.9757	2.8020	5.3675	-0.4648	-0.3426
A	951	5	B	18.6696	38.8824	43.2122	0.0835	0.7533	0.2491	-0.0533	1.3978	-2.5699	-2.2841	0.2013	0.1569
G	952	6	B	16.1245	42.9087	40.9395	0.6305	0.8395	-3.1278	1.3074	4.1263	0.4640	13.2958	-4.3818	1.5041
G	952	5	B	15.4872	41.4642	42.2786	0.6817	2.0002	-0.2040	-0.1741	-1.5367	-2.6765	-5.6670	1.8601	-0.6993
G	953	6	B	13.1637	43.3133	38.5758	-0.1547	-1.5503	-2.9189	0.8510	3.2769	-2.7673	13.8551	-2.9121	0.8124
G	953	5	B	13.0124	43.2022	40.6438	0.3966	1.2807	-1.6520	-0.6020	-2.9338	-0.8060	-5.8789	1.3142	-0.3926
G	957	6	B	4.5605	40.1250	30.3847	1.2644	0.7268	-2.9657	0.5503	-3.9828	-1.6957	-13.0442	0.5120	-5.4358
G	957	5	B	3.8336	40.7968	32.2038	0.4203	-1.7124	-1.1837	0.6739	2.6794	-1.3978	5.5652	-0.2102	2.2801
A	958	6	B	11.1648	41.4737	31.7193	0.1698	1.2250	-0.4296	0.4614	-1.7932	-3.6692	-5.2651	0.4248	-0.8697
A	958	5	B	10.7926	40.2640	33.3680	0.1076	-0.0133	-0.7919	0.3508	2.8472	-0.5172	2.2616	-0.2221	0.3110
A	959	6	B	13.6758	33.2248	27.8192	-0.2238	0.1902	-1.2898	4.0557	0.7125	-0.1530	0.8899	-5.2653	-0.9309
A	959	5	B	12.8352	32.7544	29.6672	0.6897	0.1673	-0.3624	-0.9329	0.3566	-2.7455	-0.3301	2.2317	0.4020
C	961	6	B	14.2632	42.4283	32.8868	0.5555	2.2880	-2.4199	-0.8167	2.2439	3.6627	13.8103	-0.0583	3.1151
C	962	6	B	16.9818	44.0478	35.4037	0.0929	1.3170	-0.1832	-1.0638	0.6181	3.9863	5.3632	-0.1754	1.4584
U	963	6	B	19.9500	44.3292	39.0038	0.2830	1.2795	0.5066	-0.8744	-1.1098	3.8952	5.5461	-1.5453	0.8047
C	964	6	B	22.8583	43.1147	41.2893	0.1098	1.2864	1.5451	-1.5953	-3.7013	1.6179	7.8001	-2.6425	1.6458
U	966	6	B	28.3122	37.4667	41.0353	0.0298	-0.7090	1.2066	-0.9684	-3.5848	-1.8148	5.6121	-1.1144	-0.7934
C	968	6	B	33.7225	33.7905	36.6485	0.1988	-1.9885	-0.1005	-1.1449	1.3032	-3.9595	8.0044	0.9022	-2.0176
C	969	6	B	36.6920	34.2735	33.6202	0.1031	-1.1053	-0.7363	-0.2193	2.3205	-3.4557	5.5282	0.5178	-0.0031
C	970	6	B	40.1572	36.3270	31.6807	0.2133	-0.5137	-1.2127	-0.2853	3.8171	-1.6542	5.4788	0.6988	0.6676
C	971	6	B	43.5152	38.9505	31.6193	0.4132	0.1725	-1.2556	-0.3099	4.1330	0.4740	5.2712	0.1933	1.7612
C	974	6	B	61.5353	42.3642	21.1913	-0.9031	-0.8996	-0.3900	2.7653	-1.5455	-2.7027	1.8286	-3.5193	3.8834
A	976	6	B	47.0402	34.4332	20.3912	-0.7610	0.4978	0.9614	-1.7467	-3.7122	-0.0388	3.5496	-1.7088	3.6945
A	976	5	B	48.6014	34.7982	19.0598	-0.5261	-0.5568	0.2250	-1.4310	1.4740	2.0789	-1.4892	0.7717	-1.5723
